#version 3.7;
global_settings{assumed_gamma 1.0}
camera{perspective location <18.750000000000000000000000, 10.825317547305481014063844, 12.499999999999996447286321> right <0.133333333333333331482962, -0.230940107675850353485814, -0.000000000000000000000000> up <-0.064951905283832905846353, -0.037499999999999998612221, 0.129903810567665811692706> direction <0.750000000000000111022302, 0.433012701892219298294151, 0.499999999999999944488849> sky <-0.433012701892219298294151, -0.249999999999999944488849, 0.866025403784438707610605> look_at <18.000000000000000000000000, 10.392304845413262270881205, 11.999999999999996447286321>}
light_source{<18.750000000000000000000000, 10.825317547305481014063844, 12.499999999999996447286321> rgb<1.0,1.0,1.0>}
background{rgb<1,1,1>}
union{union{object{union{sphere{<-0.408248290463862795185435, 0.707106781186547461715008, -0.576638311083890964248155>,0.029999999999999998889777}sphere{<-0.408248290463863350296947, -0.707106781186547350692706, -0.576638311083890964248155>,0.029999999999999998889777}sphere{<0.816496580927725923437777, -0.000000000000000199983985, -0.576638311083890964248155>,0.029999999999999998889777}} pigment{rgb<0.1,0.1,0.1>}}object{union{cylinder{<-0.408248290463862795185435, 0.707106781186547461715008, -0.576638311083890964248155>,<-0.408248290463863350296947, -0.707106781186547350692706, -0.576638311083890964248155>,0.010000000000000000208167}cylinder{<-0.408248290463863350296947, -0.707106781186547350692706, -0.576638311083890964248155>,<0.816496580927725923437777, -0.000000000000000199983985, -0.576638311083890964248155>,0.010000000000000000208167}cylinder{<0.816496580927725923437777, -0.000000000000000199983985, -0.576638311083890964248155>,<-0.408248290463862795185435, 0.707106781186547461715008, -0.576638311083890964248155>,0.010000000000000000208167}} pigment{rgb<0.1,0.1,0.1>}}object{polygon{3.000000000000000000000000,<-0.408248290463862795185435, 0.707106781186547461715008, -0.576638311083890964248155>,<-0.408248290463863350296947, -0.707106781186547350692706, -0.576638311083890964248155>,<0.816496580927725923437777, -0.000000000000000199983985, -0.576638311083890964248155>} pigment{rgbft<0.5,1.0,1.0,0.1,0.1>}}}union{object{union{sphere{<-0.408248290463862739674283, 0.707106781186547461715008, -0.576638311083890853225853>,0.029999999999999998889777}sphere{<-0.408248290463863294785796, -0.707106781186547350692706, -0.576638311083890853225853>,0.029999999999999998889777}sphere{<-0.816497409687852560011834, 0.000000000000000467017022, 0.578061934284072931333753>,0.029999999999999998889777}} pigment{rgb<0.1,0.1,0.1>}}object{union{cylinder{<-0.408248290463862739674283, 0.707106781186547461715008, -0.576638311083890853225853>,<-0.408248290463863294785796, -0.707106781186547350692706, -0.576638311083890853225853>,0.010000000000000000208167}cylinder{<-0.408248290463863294785796, -0.707106781186547350692706, -0.576638311083890853225853>,<-0.816497409687852560011834, 0.000000000000000467017022, 0.578061934284072931333753>,0.010000000000000000208167}cylinder{<-0.816497409687852560011834, 0.000000000000000467017022, 0.578061934284072931333753>,<-0.408248290463862739674283, 0.707106781186547461715008, -0.576638311083890853225853>,0.010000000000000000208167}} pigment{rgb<0.1,0.1,0.1>}}object{polygon{3.000000000000000000000000,<-0.408248290463862739674283, 0.707106781186547461715008, -0.576638311083890853225853>,<-0.408248290463863294785796, -0.707106781186547350692706, -0.576638311083890853225853>,<-0.816497409687852560011834, 0.000000000000000467017022, 0.578061934284072931333753>} pigment{rgbft<0.5,1.0,1.0,0.1,0.1>}}}union{object{union{sphere{<-0.408248290463862684163132, 0.707106781186547350692706, -0.576638311083890631181248>,0.029999999999999998889777}sphere{<0.408247047322831846383195, 0.707107498913870480272692, 0.578063106327586728738765>,0.029999999999999998889777}sphere{<-0.816497409687852560011834, 0.000000000000000527355937, 0.578061934284072931333753>,0.029999999999999998889777}} pigment{rgb<0.1,0.1,0.1>}}object{union{cylinder{<-0.408248290463862684163132, 0.707106781186547350692706, -0.576638311083890631181248>,<0.408247047322831846383195, 0.707107498913870480272692, 0.578063106327586728738765>,0.010000000000000000208167}cylinder{<0.408247047322831846383195, 0.707107498913870480272692, 0.578063106327586728738765>,<-0.816497409687852560011834, 0.000000000000000527355937, 0.578061934284072931333753>,0.010000000000000000208167}cylinder{<-0.816497409687852560011834, 0.000000000000000527355937, 0.578061934284072931333753>,<-0.408248290463862684163132, 0.707106781186547350692706, -0.576638311083890631181248>,0.010000000000000000208167}} pigment{rgb<0.1,0.1,0.1>}}object{polygon{3.000000000000000000000000,<-0.408248290463862684163132, 0.707106781186547350692706, -0.576638311083890631181248>,<0.408247047322831846383195, 0.707107498913870480272692, 0.578063106327586728738765>,<-0.816497409687852560011834, 0.000000000000000527355937, 0.578061934284072931333753>} pigment{rgbft<0.5,1.0,1.0,0.1,0.1>}}}union{object{union{sphere{<0.408247876081695770800195, -0.707106063458495581741658, 0.578064278372290241136966>,0.029999999999999998889777}sphere{<0.408247047322831901894347, 0.707107498913870480272692, 0.578063106327586728738765>,0.029999999999999998889777}sphere{<-0.816497409687852671034136, 0.000000000000000527355937, 0.578061934284072931333753>,0.029999999999999998889777}} pigment{rgb<0.1,0.1,0.1>}}object{union{cylinder{<0.408247876081695770800195, -0.707106063458495581741658, 0.578064278372290241136966>,<0.408247047322831901894347, 0.707107498913870480272692, 0.578063106327586728738765>,0.010000000000000000208167}cylinder{<0.408247047322831901894347, 0.707107498913870480272692, 0.578063106327586728738765>,<-0.816497409687852671034136, 0.000000000000000527355937, 0.578061934284072931333753>,0.010000000000000000208167}cylinder{<-0.816497409687852671034136, 0.000000000000000527355937, 0.578061934284072931333753>,<0.408247876081695770800195, -0.707106063458495581741658, 0.578064278372290241136966>,0.010000000000000000208167}} pigment{rgb<0.1,0.1,0.1>}}object{polygon{3.000000000000000000000000,<0.408247876081695770800195, -0.707106063458495581741658, 0.578064278372290241136966>,<0.408247047322831901894347, 0.707107498913870480272692, 0.578063106327586728738765>,<-0.816497409687852671034136, 0.000000000000000527355937, 0.578061934284072931333753>} pigment{rgbft<0.5,1.0,1.0,0.1,0.1>}}}union{object{union{sphere{<0.408247876081695770800195, -0.707106063458495581741658, 0.578064278372290241136966>,0.029999999999999998889777}sphere{<-0.408247461704157155182315, -0.707108216640465081503919, -0.576637139037997736856767>,0.029999999999999998889777}sphere{<-0.816497409687852671034136, 0.000000000000000499600361, 0.578061934284072931333753>,0.029999999999999998889777}} pigment{rgb<0.1,0.1,0.1>}}object{union{cylinder{<0.408247876081695770800195, -0.707106063458495581741658, 0.578064278372290241136966>,<-0.408247461704157155182315, -0.707108216640465081503919, -0.576637139037997736856767>,0.010000000000000000208167}cylinder{<-0.408247461704157155182315, -0.707108216640465081503919, -0.576637139037997736856767>,<-0.816497409687852671034136, 0.000000000000000499600361, 0.578061934284072931333753>,0.010000000000000000208167}cylinder{<-0.816497409687852671034136, 0.000000000000000499600361, 0.578061934284072931333753>,<0.408247876081695770800195, -0.707106063458495581741658, 0.578064278372290241136966>,0.010000000000000000208167}} pigment{rgb<0.1,0.1,0.1>}}object{polygon{3.000000000000000000000000,<0.408247876081695770800195, -0.707106063458495581741658, 0.578064278372290241136966>,<-0.408247461704157155182315, -0.707108216640465081503919, -0.576637139037997736856767>,<-0.816497409687852671034136, 0.000000000000000499600361, 0.578061934284072931333753>} pigment{rgbft<0.5,1.0,1.0,0.1,0.1>}}}union{object{union{sphere{<0.408248704843926224494766, -0.707107498913871368451112, 0.578061934284072931333753>,0.029999999999999998889777}sphere{<-0.408248290463863350296947, -0.707106781186547461715008, -0.576638311083891075270458>,0.029999999999999998889777}sphere{<0.816496580927725923437777, -0.000000000000000194289029, -0.576638311083891075270458>,0.029999999999999998889777}} pigment{rgb<0.1,0.1,0.1>}}object{union{cylinder{<0.408248704843926224494766, -0.707107498913871368451112, 0.578061934284072931333753>,<-0.408248290463863350296947, -0.707106781186547461715008, -0.576638311083891075270458>,0.010000000000000000208167}cylinder{<-0.408248290463863350296947, -0.707106781186547461715008, -0.576638311083891075270458>,<0.816496580927725923437777, -0.000000000000000194289029, -0.576638311083891075270458>,0.010000000000000000208167}cylinder{<0.816496580927725923437777, -0.000000000000000194289029, -0.576638311083891075270458>,<0.408248704843926224494766, -0.707107498913871368451112, 0.578061934284072931333753>,0.010000000000000000208167}} pigment{rgb<0.1,0.1,0.1>}}object{polygon{3.000000000000000000000000,<0.408248704843926224494766, -0.707107498913871368451112, 0.578061934284072931333753>,<-0.408248290463863350296947, -0.707106781186547461715008, -0.576638311083891075270458>,<0.816496580927725923437777, -0.000000000000000194289029, -0.576638311083891075270458>} pigment{rgbft<0.5,1.0,1.0,0.1,0.1>}}}union{object{union{sphere{<0.408248704843926224494766, -0.707107498913871257428809, 0.578061934284072931333753>,0.029999999999999998889777}sphere{<0.408249533604474579284727, 0.707106063458495137652449, 0.578063106327587172827975>,0.029999999999999998889777}sphere{<0.816496580927725812415474, -0.000000000000000333066907, -0.576638311083891075270458>,0.029999999999999998889777}} pigment{rgb<0.1,0.1,0.1>}}object{union{cylinder{<0.408248704843926224494766, -0.707107498913871257428809, 0.578061934284072931333753>,<0.408249533604474579284727, 0.707106063458495137652449, 0.578063106327587172827975>,0.010000000000000000208167}cylinder{<0.408249533604474579284727, 0.707106063458495137652449, 0.578063106327587172827975>,<0.816496580927725812415474, -0.000000000000000333066907, -0.576638311083891075270458>,0.010000000000000000208167}cylinder{<0.816496580927725812415474, -0.000000000000000333066907, -0.576638311083891075270458>,<0.408248704843926224494766, -0.707107498913871257428809, 0.578061934284072931333753>,0.010000000000000000208167}} pigment{rgb<0.1,0.1,0.1>}}object{polygon{3.000000000000000000000000,<0.408248704843926224494766, -0.707107498913871257428809, 0.578061934284072931333753>,<0.408249533604474579284727, 0.707106063458495137652449, 0.578063106327587172827975>,<0.816496580927725812415474, -0.000000000000000333066907, -0.576638311083891075270458>} pigment{rgbft<0.5,1.0,1.0,0.1,0.1>}}}union{object{union{sphere{<-0.408247461702473890543530, 0.707108216640466746838456, -0.576637139039186785716140>,0.029999999999999998889777}sphere{<0.408249533604474690307029, 0.707106063458494915607844, 0.578063106327587172827975>,0.029999999999999998889777}sphere{<0.816496580927725590370869, -0.000000000000000166533454, -0.576638311083891075270458>,0.029999999999999998889777}} pigment{rgb<0.1,0.1,0.1>}}object{union{cylinder{<-0.408247461702473890543530, 0.707108216640466746838456, -0.576637139039186785716140>,<0.408249533604474690307029, 0.707106063458494915607844, 0.578063106327587172827975>,0.010000000000000000208167}cylinder{<0.408249533604474690307029, 0.707106063458494915607844, 0.578063106327587172827975>,<0.816496580927725590370869, -0.000000000000000166533454, -0.576638311083891075270458>,0.010000000000000000208167}cylinder{<0.816496580927725590370869, -0.000000000000000166533454, -0.576638311083891075270458>,<-0.408247461702473890543530, 0.707108216640466746838456, -0.576637139039186785716140>,0.010000000000000000208167}} pigment{rgb<0.1,0.1,0.1>}}object{polygon{3.000000000000000000000000,<-0.408247461702473890543530, 0.707108216640466746838456, -0.576637139039186785716140>,<0.408249533604474690307029, 0.707106063458494915607844, 0.578063106327587172827975>,<0.816496580927725590370869, -0.000000000000000166533454, -0.576638311083891075270458>} pigment{rgbft<0.5,1.0,1.0,0.1,0.1>}}}}
