#version 3.7;
global_settings{assumed_gamma 1.0}
camera{perspective location <18.750000000000000000000000, 10.825317547305481014063844, 12.499999999999996447286321> right <0.133333333333333331482962, -0.230940107675850353485814, -0.000000000000000000000000> up <-0.064951905283832905846353, -0.037499999999999998612221, 0.129903810567665811692706> direction <0.750000000000000111022302, 0.433012701892219298294151, 0.499999999999999944488849> sky <-0.433012701892219298294151, -0.249999999999999944488849, 0.866025403784438707610605> look_at <18.000000000000000000000000, 10.392304845413262270881205, 11.999999999999996447286321>}
light_source{<18.750000000000000000000000, 10.825317547305481014063844, 12.499999999999996447286321> rgb<1.0,1.0,1.0>}
background{rgb<1,1,1>}
union{union{object{union{sphere{<-0.408248290463862795185435, 0.707106781186547461715008, -0.577350269169585761375174>,0.029999999999999998889777}sphere{<-0.408248290463863350296947, -0.707106781186547350692706, -0.577350269169585761375174>,0.029999999999999998889777}sphere{<0.816496580927725923437777, -0.000000000000000199983985, -0.577350269169585761375174>,0.029999999999999998889777}} pigment{rgb<0.1,0.1,0.1>}}object{union{cylinder{<-0.408248290463862795185435, 0.707106781186547461715008, -0.577350269169585761375174>,<-0.408248290463863350296947, -0.707106781186547350692706, -0.577350269169585761375174>,0.010000000000000000208167}cylinder{<-0.408248290463863350296947, -0.707106781186547350692706, -0.577350269169585761375174>,<0.816496580927725923437777, -0.000000000000000199983985, -0.577350269169585761375174>,0.010000000000000000208167}cylinder{<0.816496580927725923437777, -0.000000000000000199983985, -0.577350269169585761375174>,<-0.408248290463862795185435, 0.707106781186547461715008, -0.577350269169585761375174>,0.010000000000000000208167}} pigment{rgb<0.1,0.1,0.1>}}object{polygon{3.000000000000000000000000,<-0.408248290463862795185435, 0.707106781186547461715008, -0.577350269169585761375174>,<-0.408248290463863350296947, -0.707106781186547350692706, -0.577350269169585761375174>,<0.816496580927725923437777, -0.000000000000000199983985, -0.577350269169585761375174>} pigment{rgbft<0.5,1.0,1.0,0.1,0.1>}}}union{object{union{sphere{<-0.408248290463862739674283, 0.707106781186547461715008, -0.577350269169585761375174>,0.029999999999999998889777}sphere{<-0.408248290463863350296947, -0.707106781186547350692706, -0.577350269169585761375174>,0.029999999999999998889777}sphere{<-0.816496580927726034460079, 0.000000000000000466149830, 0.577350269209665700742562>,0.029999999999999998889777}} pigment{rgb<0.1,0.1,0.1>}}object{union{cylinder{<-0.408248290463862739674283, 0.707106781186547461715008, -0.577350269169585761375174>,<-0.408248290463863350296947, -0.707106781186547350692706, -0.577350269169585761375174>,0.010000000000000000208167}cylinder{<-0.408248290463863350296947, -0.707106781186547350692706, -0.577350269169585761375174>,<-0.816496580927726034460079, 0.000000000000000466149830, 0.577350269209665700742562>,0.010000000000000000208167}cylinder{<-0.816496580927726034460079, 0.000000000000000466149830, 0.577350269209665700742562>,<-0.408248290463862739674283, 0.707106781186547461715008, -0.577350269169585761375174>,0.010000000000000000208167}} pigment{rgb<0.1,0.1,0.1>}}object{polygon{3.000000000000000000000000,<-0.408248290463862739674283, 0.707106781186547461715008, -0.577350269169585761375174>,<-0.408248290463863350296947, -0.707106781186547350692706, -0.577350269169585761375174>,<-0.816496580927726034460079, 0.000000000000000466149830, 0.577350269209665700742562>} pigment{rgbft<0.5,1.0,1.0,0.1,0.1>}}}union{object{union{sphere{<-0.408248290463862739674283, 0.707106781186547572737311, -0.577350269169585761375174>,0.029999999999999998889777}sphere{<0.408248290463863350296947, 0.707106781186547572737311, 0.577350269209665589720260>,0.029999999999999998889777}sphere{<-0.816496580927726034460079, 0.000000000000000471844785, 0.577350269209665811764864>,0.029999999999999998889777}} pigment{rgb<0.1,0.1,0.1>}}object{union{cylinder{<-0.408248290463862739674283, 0.707106781186547572737311, -0.577350269169585761375174>,<0.408248290463863350296947, 0.707106781186547572737311, 0.577350269209665589720260>,0.010000000000000000208167}cylinder{<0.408248290463863350296947, 0.707106781186547572737311, 0.577350269209665589720260>,<-0.816496580927726034460079, 0.000000000000000471844785, 0.577350269209665811764864>,0.010000000000000000208167}cylinder{<-0.816496580927726034460079, 0.000000000000000471844785, 0.577350269209665811764864>,<-0.408248290463862739674283, 0.707106781186547572737311, -0.577350269169585761375174>,0.010000000000000000208167}} pigment{rgb<0.1,0.1,0.1>}}object{polygon{3.000000000000000000000000,<-0.408248290463862739674283, 0.707106781186547572737311, -0.577350269169585761375174>,<0.408248290463863350296947, 0.707106781186547572737311, 0.577350269209665589720260>,<-0.816496580927726034460079, 0.000000000000000471844785, 0.577350269209665811764864>} pigment{rgbft<0.5,1.0,1.0,0.1,0.1>}}}union{object{union{sphere{<0.408248290463862684163132, -0.707106781186547350692706, 0.577350269209666144831772>,0.029999999999999998889777}sphere{<0.408248290463863350296947, 0.707106781186547683759613, 0.577350269209665478697957>,0.029999999999999998889777}sphere{<-0.816496580927726256504684, 0.000000000000000499600361, 0.577350269209665922787167>,0.029999999999999998889777}} pigment{rgb<0.1,0.1,0.1>}}object{union{cylinder{<0.408248290463862684163132, -0.707106781186547350692706, 0.577350269209666144831772>,<0.408248290463863350296947, 0.707106781186547683759613, 0.577350269209665478697957>,0.010000000000000000208167}cylinder{<0.408248290463863350296947, 0.707106781186547683759613, 0.577350269209665478697957>,<-0.816496580927726256504684, 0.000000000000000499600361, 0.577350269209665922787167>,0.010000000000000000208167}cylinder{<-0.816496580927726256504684, 0.000000000000000499600361, 0.577350269209665922787167>,<0.408248290463862684163132, -0.707106781186547350692706, 0.577350269209666144831772>,0.010000000000000000208167}} pigment{rgb<0.1,0.1,0.1>}}object{polygon{3.000000000000000000000000,<0.408248290463862684163132, -0.707106781186547350692706, 0.577350269209666144831772>,<0.408248290463863350296947, 0.707106781186547683759613, 0.577350269209665478697957>,<-0.816496580927726256504684, 0.000000000000000499600361, 0.577350269209665922787167>} pigment{rgbft<0.5,1.0,1.0,0.1,0.1>}}}union{object{union{sphere{<0.408248290463862795185435, -0.707106781186547461715008, 0.577350269209666366876377>,0.029999999999999998889777}sphere{<-0.408248290463863128252342, -0.707106781186547683759613, -0.577350269169585539330569>,0.029999999999999998889777}sphere{<-0.816496580927726367526986, 0.000000000000000582867088, 0.577350269209666144831772>,0.029999999999999998889777}} pigment{rgb<0.1,0.1,0.1>}}object{union{cylinder{<0.408248290463862795185435, -0.707106781186547461715008, 0.577350269209666366876377>,<-0.408248290463863128252342, -0.707106781186547683759613, -0.577350269169585539330569>,0.010000000000000000208167}cylinder{<-0.408248290463863128252342, -0.707106781186547683759613, -0.577350269169585539330569>,<-0.816496580927726367526986, 0.000000000000000582867088, 0.577350269209666144831772>,0.010000000000000000208167}cylinder{<-0.816496580927726367526986, 0.000000000000000582867088, 0.577350269209666144831772>,<0.408248290463862795185435, -0.707106781186547461715008, 0.577350269209666366876377>,0.010000000000000000208167}} pigment{rgb<0.1,0.1,0.1>}}object{polygon{3.000000000000000000000000,<0.408248290463862795185435, -0.707106781186547461715008, 0.577350269209666366876377>,<-0.408248290463863128252342, -0.707106781186547683759613, -0.577350269169585539330569>,<-0.816496580927726367526986, 0.000000000000000582867088, 0.577350269209666144831772>} pigment{rgbft<0.5,1.0,1.0,0.1,0.1>}}}union{object{union{sphere{<0.408248290463863072741191, -0.707106781186547905804218, 0.577350269209665478697957>,0.029999999999999998889777}sphere{<-0.408248290463863294785796, -0.707106781186547461715008, -0.577350269169585761375174>,0.029999999999999998889777}sphere{<0.816496580927725923437777, -0.000000000000000083266727, -0.577350269169585761375174>,0.029999999999999998889777}} pigment{rgb<0.1,0.1,0.1>}}object{union{cylinder{<0.408248290463863072741191, -0.707106781186547905804218, 0.577350269209665478697957>,<-0.408248290463863294785796, -0.707106781186547461715008, -0.577350269169585761375174>,0.010000000000000000208167}cylinder{<-0.408248290463863294785796, -0.707106781186547461715008, -0.577350269169585761375174>,<0.816496580927725923437777, -0.000000000000000083266727, -0.577350269169585761375174>,0.010000000000000000208167}cylinder{<0.816496580927725923437777, -0.000000000000000083266727, -0.577350269169585761375174>,<0.408248290463863072741191, -0.707106781186547905804218, 0.577350269209665478697957>,0.010000000000000000208167}} pigment{rgb<0.1,0.1,0.1>}}object{polygon{3.000000000000000000000000,<0.408248290463863072741191, -0.707106781186547905804218, 0.577350269209665478697957>,<-0.408248290463863294785796, -0.707106781186547461715008, -0.577350269169585761375174>,<0.816496580927725923437777, -0.000000000000000083266727, -0.577350269169585761375174>} pigment{rgbft<0.5,1.0,1.0,0.1,0.1>}}}union{object{union{sphere{<0.408248290463862961718888, -0.707106781186547794781916, 0.577350269209665478697957>,0.029999999999999998889777}sphere{<0.408248290463863461319249, 0.707106781186547128648101, 0.577350269209666033809469>,0.029999999999999998889777}sphere{<0.816496580927725812415474, -0.000000000000000194289029, -0.577350269169585761375174>,0.029999999999999998889777}} pigment{rgb<0.1,0.1,0.1>}}object{union{cylinder{<0.408248290463862961718888, -0.707106781186547794781916, 0.577350269209665478697957>,<0.408248290463863461319249, 0.707106781186547128648101, 0.577350269209666033809469>,0.010000000000000000208167}cylinder{<0.408248290463863461319249, 0.707106781186547128648101, 0.577350269209666033809469>,<0.816496580927725812415474, -0.000000000000000194289029, -0.577350269169585761375174>,0.010000000000000000208167}cylinder{<0.816496580927725812415474, -0.000000000000000194289029, -0.577350269169585761375174>,<0.408248290463862961718888, -0.707106781186547794781916, 0.577350269209665478697957>,0.010000000000000000208167}} pigment{rgb<0.1,0.1,0.1>}}object{polygon{3.000000000000000000000000,<0.408248290463862961718888, -0.707106781186547794781916, 0.577350269209665478697957>,<0.408248290463863461319249, 0.707106781186547128648101, 0.577350269209666033809469>,<0.816496580927725812415474, -0.000000000000000194289029, -0.577350269169585761375174>} pigment{rgbft<0.5,1.0,1.0,0.1,0.1>}}}union{object{union{sphere{<-0.408248290463862739674283, 0.707106781186547794781916, -0.577350269169585428308267>,0.029999999999999998889777}sphere{<0.408248290463863405808098, 0.707106781186547128648101, 0.577350269209666033809469>,0.029999999999999998889777}sphere{<0.816496580927725701393172, -0.000000000000000305311332, -0.577350269169585761375174>,0.029999999999999998889777}} pigment{rgb<0.1,0.1,0.1>}}object{union{cylinder{<-0.408248290463862739674283, 0.707106781186547794781916, -0.577350269169585428308267>,<0.408248290463863405808098, 0.707106781186547128648101, 0.577350269209666033809469>,0.010000000000000000208167}cylinder{<0.408248290463863405808098, 0.707106781186547128648101, 0.577350269209666033809469>,<0.816496580927725701393172, -0.000000000000000305311332, -0.577350269169585761375174>,0.010000000000000000208167}cylinder{<0.816496580927725701393172, -0.000000000000000305311332, -0.577350269169585761375174>,<-0.408248290463862739674283, 0.707106781186547794781916, -0.577350269169585428308267>,0.010000000000000000208167}} pigment{rgb<0.1,0.1,0.1>}}object{polygon{3.000000000000000000000000,<-0.408248290463862739674283, 0.707106781186547794781916, -0.577350269169585428308267>,<0.408248290463863405808098, 0.707106781186547128648101, 0.577350269209666033809469>,<0.816496580927725701393172, -0.000000000000000305311332, -0.577350269169585761375174>} pigment{rgbft<0.5,1.0,1.0,0.1,0.1>}}}}
