#version 3.7;
global_settings{assumed_gamma 1.0}
camera{perspective location <18.750000000000000000000000, 10.825317547305481014063844, 12.499999999999996447286321> right <0.133333333333333331482962, -0.230940107675850353485814, -0.000000000000000000000000> up <-0.064951905283832905846353, -0.037499999999999998612221, 0.129903810567665811692706> direction <0.750000000000000111022302, 0.433012701892219298294151, 0.499999999999999944488849> sky <-0.433012701892219298294151, -0.249999999999999944488849, 0.866025403784438707610605> look_at <18.000000000000000000000000, 10.392304845413262270881205, 11.999999999999996447286321>}
light_source{<18.750000000000000000000000, 10.825317547305481014063844, 12.499999999999996447286321> rgb<1.0,1.0,1.0>}
background{rgb<1,1,1>}
union{union{object{union{sphere{<-0.408248290463862795185435, 0.707106781186547461715008, -0.577341202720073387588684>,0.029999999999999998889777}sphere{<-0.408248290463863350296947, -0.707106781186547350692706, -0.577341202720073387588684>,0.029999999999999998889777}sphere{<0.816496580927725923437777, -0.000000000000000199983985, -0.577341202720073387588684>,0.029999999999999998889777}} pigment{rgb<0.1,0.1,0.1>}}object{union{cylinder{<-0.408248290463862795185435, 0.707106781186547461715008, -0.577341202720073387588684>,<-0.408248290463863350296947, -0.707106781186547350692706, -0.577341202720073387588684>,0.010000000000000000208167}cylinder{<-0.408248290463863350296947, -0.707106781186547350692706, -0.577341202720073387588684>,<0.816496580927725923437777, -0.000000000000000199983985, -0.577341202720073387588684>,0.010000000000000000208167}cylinder{<0.816496580927725923437777, -0.000000000000000199983985, -0.577341202720073387588684>,<-0.408248290463862795185435, 0.707106781186547461715008, -0.577341202720073387588684>,0.010000000000000000208167}} pigment{rgb<0.1,0.1,0.1>}}object{polygon{3.000000000000000000000000,<-0.408248290463862795185435, 0.707106781186547461715008, -0.577341202720073387588684>,<-0.408248290463863350296947, -0.707106781186547350692706, -0.577341202720073387588684>,<0.816496580927725923437777, -0.000000000000000199983985, -0.577341202720073387588684>} pigment{rgbft<0.5,1.0,1.0,0.1,0.1>}}}union{object{union{sphere{<-0.408248290463862850696586, 0.707106781186547461715008, -0.577341202720073276566382>,0.029999999999999998889777}sphere{<-0.408248290463863405808098, -0.707106781186547350692706, -0.577341202720073387588684>,0.029999999999999998889777}sphere{<-0.816496581061961768099877, 0.000000000000000410648843, 0.577359335611718593739283>,0.029999999999999998889777}} pigment{rgb<0.1,0.1,0.1>}}object{union{cylinder{<-0.408248290463862850696586, 0.707106781186547461715008, -0.577341202720073276566382>,<-0.408248290463863405808098, -0.707106781186547350692706, -0.577341202720073387588684>,0.010000000000000000208167}cylinder{<-0.408248290463863405808098, -0.707106781186547350692706, -0.577341202720073387588684>,<-0.816496581061961768099877, 0.000000000000000410648843, 0.577359335611718593739283>,0.010000000000000000208167}cylinder{<-0.816496581061961768099877, 0.000000000000000410648843, 0.577359335611718593739283>,<-0.408248290463862850696586, 0.707106781186547461715008, -0.577341202720073276566382>,0.010000000000000000208167}} pigment{rgb<0.1,0.1,0.1>}}object{polygon{3.000000000000000000000000,<-0.408248290463862850696586, 0.707106781186547461715008, -0.577341202720073276566382>,<-0.408248290463863405808098, -0.707106781186547350692706, -0.577341202720073387588684>,<-0.816496581061961768099877, 0.000000000000000410648843, 0.577359335611718593739283>} pigment{rgbft<0.5,1.0,1.0,0.1,0.1>}}}union{object{union{sphere{<-0.408248290463862795185435, 0.707106781186547461715008, -0.577341202720073387588684>,0.029999999999999998889777}sphere{<0.408248290262509638814947, 0.707106781302799247690416, 0.577359335801556294853754>,0.029999999999999998889777}sphere{<-0.816496581061961768099877, 0.000000000000000471844785, 0.577359335611718815783888>,0.029999999999999998889777}} pigment{rgb<0.1,0.1,0.1>}}object{union{cylinder{<-0.408248290463862795185435, 0.707106781186547461715008, -0.577341202720073387588684>,<0.408248290262509638814947, 0.707106781302799247690416, 0.577359335801556294853754>,0.010000000000000000208167}cylinder{<0.408248290262509638814947, 0.707106781302799247690416, 0.577359335801556294853754>,<-0.816496581061961768099877, 0.000000000000000471844785, 0.577359335611718815783888>,0.010000000000000000208167}cylinder{<-0.816496581061961768099877, 0.000000000000000471844785, 0.577359335611718815783888>,<-0.408248290463862795185435, 0.707106781186547461715008, -0.577341202720073387588684>,0.010000000000000000208167}} pigment{rgb<0.1,0.1,0.1>}}object{polygon{3.000000000000000000000000,<-0.408248290463862795185435, 0.707106781186547461715008, -0.577341202720073387588684>,<0.408248290262509638814947, 0.707106781302799247690416, 0.577359335801556294853754>,<-0.816496581061961768099877, 0.000000000000000471844785, 0.577359335611718815783888>} pigment{rgbft<0.5,1.0,1.0,0.1,0.1>}}}union{object{union{sphere{<0.408248290396745150410140, -0.707106781070295564717298, 0.577359335991395217213551>,0.029999999999999998889777}sphere{<0.408248290262509638814947, 0.707106781302799358712718, 0.577359335801556294853754>,0.029999999999999998889777}sphere{<-0.816496581061961990144482, 0.000000000000000444089210, 0.577359335611718815783888>,0.029999999999999998889777}} pigment{rgb<0.1,0.1,0.1>}}object{union{cylinder{<0.408248290396745150410140, -0.707106781070295564717298, 0.577359335991395217213551>,<0.408248290262509638814947, 0.707106781302799358712718, 0.577359335801556294853754>,0.010000000000000000208167}cylinder{<0.408248290262509638814947, 0.707106781302799358712718, 0.577359335801556294853754>,<-0.816496581061961990144482, 0.000000000000000444089210, 0.577359335611718815783888>,0.010000000000000000208167}cylinder{<-0.816496581061961990144482, 0.000000000000000444089210, 0.577359335611718815783888>,<0.408248290396745150410140, -0.707106781070295564717298, 0.577359335991395217213551>,0.010000000000000000208167}} pigment{rgb<0.1,0.1,0.1>}}object{polygon{3.000000000000000000000000,<0.408248290396745150410140, -0.707106781070295564717298, 0.577359335991395217213551>,<0.408248290262509638814947, 0.707106781302799358712718, 0.577359335801556294853754>,<-0.816496581061961990144482, 0.000000000000000444089210, 0.577359335611718815783888>} pigment{rgbft<0.5,1.0,1.0,0.1,0.1>}}}union{object{union{sphere{<0.408248290396745261432443, -0.707106781070295786761903, 0.577359335991395217213551>,0.029999999999999998889777}sphere{<-0.408248290329627283590241, -0.707106781419051033665824, -0.577341202530234909318096>,0.029999999999999998889777}sphere{<-0.816496581061961990144482, 0.000000000000000555111512, 0.577359335611718926806191>,0.029999999999999998889777}} pigment{rgb<0.1,0.1,0.1>}}object{union{cylinder{<0.408248290396745261432443, -0.707106781070295786761903, 0.577359335991395217213551>,<-0.408248290329627283590241, -0.707106781419051033665824, -0.577341202530234909318096>,0.010000000000000000208167}cylinder{<-0.408248290329627283590241, -0.707106781419051033665824, -0.577341202530234909318096>,<-0.816496581061961990144482, 0.000000000000000555111512, 0.577359335611718926806191>,0.010000000000000000208167}cylinder{<-0.816496581061961990144482, 0.000000000000000555111512, 0.577359335611718926806191>,<0.408248290396745261432443, -0.707106781070295786761903, 0.577359335991395217213551>,0.010000000000000000208167}} pigment{rgb<0.1,0.1,0.1>}}object{polygon{3.000000000000000000000000,<0.408248290396745261432443, -0.707106781070295786761903, 0.577359335991395217213551>,<-0.408248290329627283590241, -0.707106781419051033665824, -0.577341202530234909318096>,<-0.816496581061961990144482, 0.000000000000000555111512, 0.577359335611718926806191>} pigment{rgbft<0.5,1.0,1.0,0.1,0.1>}}}union{object{union{sphere{<0.408248290530980828538787, -0.707106781302799802801928, 0.577359335611718371694678>,0.029999999999999998889777}sphere{<-0.408248290463863350296947, -0.707106781186547350692706, -0.577341202720073498610986>,0.029999999999999998889777}sphere{<0.816496580927726034460079, -0.000000000000000222044605, -0.577341202720073276566382>,0.029999999999999998889777}} pigment{rgb<0.1,0.1,0.1>}}object{union{cylinder{<0.408248290530980828538787, -0.707106781302799802801928, 0.577359335611718371694678>,<-0.408248290463863350296947, -0.707106781186547350692706, -0.577341202720073498610986>,0.010000000000000000208167}cylinder{<-0.408248290463863350296947, -0.707106781186547350692706, -0.577341202720073498610986>,<0.816496580927726034460079, -0.000000000000000222044605, -0.577341202720073276566382>,0.010000000000000000208167}cylinder{<0.816496580927726034460079, -0.000000000000000222044605, -0.577341202720073276566382>,<0.408248290530980828538787, -0.707106781302799802801928, 0.577359335611718371694678>,0.010000000000000000208167}} pigment{rgb<0.1,0.1,0.1>}}object{polygon{3.000000000000000000000000,<0.408248290530980828538787, -0.707106781302799802801928, 0.577359335611718371694678>,<-0.408248290463863350296947, -0.707106781186547350692706, -0.577341202720073498610986>,<0.816496580927726034460079, -0.000000000000000222044605, -0.577341202720073276566382>} pigment{rgbft<0.5,1.0,1.0,0.1,0.1>}}}union{object{union{sphere{<0.408248290530980773027636, -0.707106781302800024846533, 0.577359335611718371694678>,0.029999999999999998889777}sphere{<0.408248290665217339334703, 0.707106781070295342672694, 0.577359335801557294054476>,0.029999999999999998889777}sphere{<0.816496580927726034460079, -0.000000000000000222044605, -0.577341202720073498610986>,0.029999999999999998889777}} pigment{rgb<0.1,0.1,0.1>}}object{union{cylinder{<0.408248290530980773027636, -0.707106781302800024846533, 0.577359335611718371694678>,<0.408248290665217339334703, 0.707106781070295342672694, 0.577359335801557294054476>,0.010000000000000000208167}cylinder{<0.408248290665217339334703, 0.707106781070295342672694, 0.577359335801557294054476>,<0.816496580927726034460079, -0.000000000000000222044605, -0.577341202720073498610986>,0.010000000000000000208167}cylinder{<0.816496580927726034460079, -0.000000000000000222044605, -0.577341202720073498610986>,<0.408248290530980773027636, -0.707106781302800024846533, 0.577359335611718371694678>,0.010000000000000000208167}} pigment{rgb<0.1,0.1,0.1>}}object{polygon{3.000000000000000000000000,<0.408248290530980773027636, -0.707106781302800024846533, 0.577359335611718371694678>,<0.408248290665217339334703, 0.707106781070295342672694, 0.577359335801557294054476>,<0.816496580927726034460079, -0.000000000000000222044605, -0.577341202720073498610986>} pigment{rgbft<0.5,1.0,1.0,0.1,0.1>}}}union{object{union{sphere{<-0.408248290329627006034485, 0.707106781419051810821941, -0.577341202530235131362701>,0.029999999999999998889777}sphere{<0.408248290665217339334703, 0.707106781070295342672694, 0.577359335801557294054476>,0.029999999999999998889777}sphere{<0.816496580927726256504684, -0.000000000000000360822483, -0.577341202720073498610986>,0.029999999999999998889777}} pigment{rgb<0.1,0.1,0.1>}}object{union{cylinder{<-0.408248290329627006034485, 0.707106781419051810821941, -0.577341202530235131362701>,<0.408248290665217339334703, 0.707106781070295342672694, 0.577359335801557294054476>,0.010000000000000000208167}cylinder{<0.408248290665217339334703, 0.707106781070295342672694, 0.577359335801557294054476>,<0.816496580927726256504684, -0.000000000000000360822483, -0.577341202720073498610986>,0.010000000000000000208167}cylinder{<0.816496580927726256504684, -0.000000000000000360822483, -0.577341202720073498610986>,<-0.408248290329627006034485, 0.707106781419051810821941, -0.577341202530235131362701>,0.010000000000000000208167}} pigment{rgb<0.1,0.1,0.1>}}object{polygon{3.000000000000000000000000,<-0.408248290329627006034485, 0.707106781419051810821941, -0.577341202530235131362701>,<0.408248290665217339334703, 0.707106781070295342672694, 0.577359335801557294054476>,<0.816496580927726256504684, -0.000000000000000360822483, -0.577341202720073498610986>} pigment{rgbft<0.5,1.0,1.0,0.1,0.1>}}}}
